,storm_index,0,1,2,3,4,5,6,7,8,9,10,11,12,13,14,15,16,17,18,19,20,21,22,23,24,25,26,27,28,29,30,31,32,33,34,35
0,1,-201.55151,-197.83775,-195.29796,-194.97188,-196.04695,-192.75473,-193.50638,-193.96207,-193.33508,-193.46918,-192.96288,-192.98286,-194.85342,-195.99286,-197.91058,-199.82542,-201.71382,-202.07004,-201.74345,-200.34665,-198.41072,-199.53685,-195.94594,-194.0759,-189.37413,-190.3709,-188.16954,-188.27486,-182.69905,-182.34126,-184.41403,-181.10997,-179.59773,-181.24596,-186.67407,-189.0912
1,2,-196.40306,-195.98354,-195.4874,-195.18892,-193.52345,-190.83514,-183.70253,-181.54106,-180.78583,-180.44398,-180.47865,-182.77191,-185.16011,-185.1247,-182.84834,-180.75055,-181.46646,-181.5176,-184.14429,-184.55763,-183.86201,-184.12712,-184.56721,-185.10532,-186.2155,-185.74168,-183.71045,-181.19089,-179.86168,-180.76971,-180.74042,-180.24762,-180.238,-179.5333,-181.15527,-181.194
2,3,-208.48138,-208.72868,-207.65445,-208.5187,-209.7337,-210.2951,-216.17047,-213.73016,-214.54004,-213.1904,-211.11763,-210.71834,-210.16919,-210.15973,-209.71141,-210.22847,-211.15207,-210.6159,-209.33446,-207.0192,-206.20366,-206.05043,-208.95268,-208.92738,-208.41478,-208.10626,-206.56644,-204.24655,-201.08841,-198.23886,-194.35509,-194.24873,-192.84789,-192.47015,-192.78714,-195.68874
3,4,-201.69502,-200.75919,-201.6203,-200.68765,-198.52946,-198.44926,-199.867,-199.92639,-199.55122,-200.30217,-199.70184,-199.24263,-199.10612,-198.04141,-195.20895,-196.1689,-196.14479,-194.67366,-200.83759,-200.68526,-200.57127,-197.63666,-197.51802,-196.2687,-194.8233,-193.58913,-191.11565,-186.75536,-188.63722,-189.26949,-183.87794,-182.33101,-184.71474,-184.0293,-185.84796,-186.80338
4,5,-203.2502,-207.26547,-210.97005,-217.7046,-222.39816,-221.70737,-219.94702,-218.12665,-215.58167,-212.83882,-211.778,-209.94978,-211.21552,-211.71756,-212.3854,-211.94969,-204.35402,-202.39061,-200.91153,-196.86455,-194.11783,-191.95328,-191.30891,-188.57745,-188.00925,-187.07825,-186.14296,-184.42728,-177.63446,-177.77124,-179.22147,-178.55374,-176.3441,-176.3154,-174.25006,-178.3049
5,6,-178.35422,-181.07278,-180.45753,-178.57465,-178.36024,-179.50204,-179.38594,-178.02347,-178.01617,-178.05643,-178.72322,-180.00899,-180.06944,-180.23521,-179.52705,-179.10681,-177.16348,-176.82114,-177.11877,-177.02834,-176.45161,-175.17665,-174.3389,-173.95221,-175.3678,-175.9851,-178.91339,-180.21347,-180.4008,-182.14058,-179.69293,-178.8033,-187.91457,-188.57108,-187.4708,-189.75471
6,7,-206.34978,-204.71625,-204.25893,-203.41055,-200.49,-198.6497,-198.47862,-206.59743,-208.96394,-208.29918,-206.30977,-201.16032,-198.96219,-200.03291,-199.99817,-199.15079,-200.18288,-199.147,-201.02896,-201.33704,-199.48497,-202.52698,-203.71103,-200.53932,-200.17271,-201.87627,-203.05493,-201.07878,-200.08186,-198.80292,-193.88693,-191.89938,-192.09016,-191.8892,-191.95297,-196.47215
7,8,-163.86691,-166.19879,-166.11627,-164.68378,-163.99245,-161.0662,-160.90811,-160.3772,-160.27806,-161.08644,-162.89455,-164.75792,-165.4702,-166.94987,-166.96068,-167.61769,-167.58794,-167.14232,-164.56244,-163.74377,-163.3456,-162.74834,-160.89987,-161.10828,-161.83513,-163.27689,-163.5238,-163.44595,-164.56802,-164.26524,-166.26428,-169.71225,-171.42336,-176.57393,-175.4584,-174.42653
9,10,-179.53603,-174.90347,-174.80374,-171.80888,-170.8847,-171.69777,-167.81541,-166.73459,-165.8364,-164.45177,-167.29695,-171.3816,-172.86563,-173.80777,-172.8928,-173.8853,-170.59567,-164.68205,-163.36389,-163.50922,-164.986,-167.03934,-171.14294,-174.23305,-176.9766,-175.11665,-174.68576,-175.90218,-174.15273,-171.12044,-172.27881,-176.86317,-177.28389,-181.66289,-181.54115,-181.61815
10,11,-174.76263,-172.24348,-170.05696,-168.6858,-168.46024,-167.9445,-167.90138,-168.46457,-169.0277,-171.29614,-171.52362,-171.5946,-172.02216,-172.2961,-172.92384,-173.69235,-174.72997,-176.57964,-179.34727,-180.57487,-180.69939,-181.71883,-181.22018,-179.96355,-178.17128,-175.73743,-172.64224,-171.8833,-171.55145,-172.32732,-172.95549,-173.3834,-173.13708,-173.7991,-174.13858,-174.9923
11,12,-204.19673,-204.17555,-204.22446,-201.98517,-200.80377,-197.58727,-195.55598,-194.04417,-193.17604,-185.92741,-186.16995,-186.29663,-187.96536,-189.0889,-187.8813,-188.49034,-189.25555,-189.5765,-190.81264,-190.43933,-190.13309,-187.66933,-186.56668,-185.11548,-182.7601,-177.51831,-173.51503,-172.37341,-172.1615,-172.71275,-169.45827,-167.88771,-168.31631,-171.01042,-184.31046,-185.65457
12,13,-170.10571,-170.38449,-168.92616,-169.74655,-169.46045,-168.14056,-168.12177,-170.2001,-171.8208,-171.66211,-170.50238,-169.11082,-166.61388,-165.19585,-164.44261,-165.32956,-164.68408,-164.37366,-164.76358,-164.73547,-164.39966,-165.20291,-164.7372,-164.28285,-164.04779,-165.66316,-165.9451,-166.55673,-167.79118,-168.56282,-168.5952,-169.67545,-170.68465,-174.52753,-174.7564,-175.18578
13,14,-155.29959,-155.47488,-155.48569,-154.89032,-154.92563,-155.1604,-154.8904,-154.91104,-154.94955,-155.02672,-155.03859,-155.72827,-155.74002,-155.725,-155.54141,-155.44789,-155.46368,-156.2116,-155.77568,-155.94112,-156.15266,-156.50168,-156.92943,-157.26756,-157.36179,-157.94838,-158.4798,-159.35402,-160.0685,-161.02414,-160.98924,-161.29845,-161.86835,-162.02797,-162.7291,-163.09642
14,15,-186.51486,-188.62976,-186.37796,-182.76418,-182.01447,-178.40613,-176.44904,-176.9005,-176.5934,-178.92964,-182.71443,-181.74663,-181.29214,-180.47374,-179.93362,-181.30588,-185.9468,-190.75665,-192.59306,-196.26114,-198.70734,-200.11145,-200.57346,-201.02142,-198.66214,-199.04817,-200.40273,-197.654,-198.2438,-195.42284,-192.37125,-189.81984,-187.17278,-183.65688,-180.16664,-180.73135
15,16,-187.82631,-185.11365,-181.67549,-180.33432,-179.86972,-178.6015,-177.75955,-177.75244,-181.42792,-184.99281,-187.87445,-192.6424,-198.22911,-199.3445,-200.35117,-201.28963,-201.11551,-201.62411,-203.99693,-203.10248,-203.254,-203.66483,-203.70845,-204.1794,-204.01761,-203.10925,-200.62007,-200.5587,-197.78488,-195.71674,-194.00247,-192.63591,-191.67265,-191.72864,-192.39308,-193.2277
16,17,-211.66365,-210.84116,-211.16335,-211.77155,-211.57648,-211.40675,-212.04018,-211.6494,-210.33728,-210.88611,-209.84225,-208.01958,-205.86232,-204.88017,-203.9858,-202.83864,-201.53986,-201.06635,-200.57814,-199.89348,-200.84192,-201.39214,-200.94289,-200.17596,-199.6283,-197.3637,-195.8378,-196.32262,-196.24968,-196.01506,-195.31664,-194.02347,-193.43867,-191.05898,-189.89601,-186.80028
18,19,-182.07541,-182.69577,-182.81827,-182.38667,-179.24794,-178.59512,-177.30132,-175.31479,-172.42007,-170.23471,-169.93343,-170.51996,-173.1437,-173.59427,-175.77972,-171.21281,-171.36707,-169.62953,-170.26208,-168.80234,-168.71892,-171.97658,-173.59492,-175.31863,-178.29092,-177.59813,-178.78943,-174.13202,-173.43512,-175.52309,-178.14919,-180.32762,-182.26329,-205.06026,-203.4235,-202.4938
19,20,-210.64093,-206.51648,-202.28036,-199.03242,-198.45259,-198.67888,-198.60463,-198.65427,-198.37973,-199.02809,-199.13358,-199.65668,-199.22807,-198.73067,-198.29233,-197.81683,-196.96129,-197.01988,-197.4772,-199.26141,-199.62117,-198.85915,-198.77817,-198.83662,-196.34795,-196.44849,-159.4153,-162.90475,-164.07007,-166.38667,-166.00244,-168.28177,-168.2065,-166.19252,-166.48233,-167.91322
20,21,-172.36339,-167.02155,-165.02477,-165.06165,-165.69473,-165.23679,-166.01534,-166.88321,-168.30147,-170.04716,-171.13882,-171.94054,-172.61612,-173.90874,-175.3663,-177.02614,-178.28824,-180.0357,-180.68394,-181.27875,-180.73198,-179.94043,-177.7167,-176.151,-175.44138,-175.10167,-175.05031,-175.07076,-175.6447,-176.58095,-176.21565,-177.033,-176.43796,-175.97662,-175.33284,-174.32372
21,22,-197.76988,-190.24097,-186.90239,-183.72542,-185.59715,-185.55966,-189.78598,-191.82191,-196.12057,-199.49678,-203.99762,-210.6803,-211.19174,-214.35904,-215.03859,-210.41774,-205.89787,-201.22766,-197.26619,-196.55656,-195.64206,-195.40044,-196.09023,-192.22404,-191.53462,-188.33102,-186.1709,-181.60767,-180.42273,-178.72942,-179.39638,-182.79774,-182.72119,-185.96051,-185.8102,-187.11383
22,23,-172.83496,-168.51508,-169.5756,-162.97029,-160.8287,-157.58437,-155.6744,-155.9717,-157.37888,-158.75517,-157.2309,-155.51874,-155.33401,-159.08878,-159.77702,-161.27199,-156.94614,-157.7513,-158.57217,-159.87852,-162.41347,-163.37279,-165.43971,-167.43576,-169.4808,-172.54878,-175.3473,-173.95486,-173.96461,-174.779,-174.38628,-177.36562,-176.80507,-178.60272,-177.7443,-176.57918
25,26,-216.82635,-214.73863,-212.52832,-209.87906,-209.47746,-206.62036,-203.60507,-202.21031,-200.25998,-200.0365,-201.05508,-199.5671,-196.20232,-196.78522,-196.46956,-194.35184,-196.93541,-196.06723,-196.82765,-201.47566,-202.54163,-205.10706,-206.05783,-207.27411,-205.88184,-207.54391,-207.71666,-207.7282,-207.63261,-207.124,-208.17577,-208.11615,-207.11078,-206.13658,-205.70982,-206.1607
26,27,-222.35326,-224.20808,-224.44223,-225.98299,-224.62827,-225.74254,-225.00038,-221.93983,-222.1252,-220.18881,-220.73874,-220.54913,-220.9127,-218.2669,-218.6937,-215.16942,-212.8906,-212.51552,-209.51543,-206.48286,-207.68095,-205.54665,-203.43857,-200.0056,-198.62317,-197.89357,-200.0375,-199.32195,-206.2125,-206.87854,-208.23183,-205.52037,-204.9717,-202.31256,-198.99922,-195.79904
27,28,-199.89507,-200.54715,-200.58302,-201.45393,-202.5103,-203.58257,-204.27731,-204.61334,-205.22609,-205.47954,-205.82208,-205.85432,-206.78783,-205.24959,-203.85205,-203.5553,-202.6537,-201.60371,-197.82751,-195.89337,-194.91544,-194.69418,-194.72876,-195.21094,-195.36221,-193.22743,-192.123,-190.61263,-191.06335,-193.63194,-194.86066,-196.23618,-195.4224,-196.50375,-196.99759,-196.56549
28,29,-184.03427,-177.7442,-167.92123,-172.46295,-183.2532,-188.31577,-190.43149,-191.07417,-194.7125,-196.81154,-194.7356,-193.31404,-190.14787,-187.00156,-186.19049,-188.37827,-191.66722,-191.93568,-194.09361,-198.78159,-200.54126,-202.43764,-203.44803,-205.87543,-205.63165,-200.4389,-198.14119,-196.46964,-195.02953,-191.33652,-190.11842,-189.00629,-183.70401,-178.33289,-175.01747,-174.2515
29,30,-178.12991,-178.92232,-180.90552,-182.98393,-186.10179,-186.51903,-184.2564,-186.1248,-185.68489,-185.06923,-184.60094,-186.2078,-187.16609,-187.54175,-185.33208,-186.20581,-185.4174,-184.01416,-184.07794,-184.396,-184.80284,-185.68575,-185.61154,-183.04947,-181.69232,-181.60342,-182.25244,-180.60216,-179.9925,-178.97742,-176.93408,-174.80995,-176.78358,-174.49748,-172.21745,-173.45473
30,31,-208.42729,-190.16603,-189.88823,-190.35735,-191.98453,-194.81734,-195.3997,-195.92665,-196.37468,-196.07237,-196.00757,-194.9233,-192.77545,-188.4521,-188.49391,-190.86168,-190.5588,-190.68059,-189.02663,-188.41354,-187.74571,-189.49896,-192.56796,-198.35176,-199.78369,-208.8339,-215.02223,-216.4506,-218.87668,-220.66164,-221.25131,-227.00873,-228.5279,-232.76953,-236.13835,-241.52927
31,32,-182.98732,-182.62856,-180.86018,-181.41208,-183.45357,-184.19403,-187.271,-187.60733,-187.7815,-190.38145,-191.70062,-193.18285,-194.53754,-196.80458,-199.41942,-202.69682,-204.27336,-207.41185,-208.74617,-208.75684,-210.0684,-208.64687,-208.08252,-208.89003,-208.66727,-209.46637,-205.27072,-204.62218,-202.51834,-201.05699,-199.85483,-200.8752,-197.14345,-198.4584,-198.52008,-197.63802
32,33,-203.50276,-202.09816,-200.44301,-196.18358,-193.57787,-192.57248,-190.63283,-187.40413,-183.55513,-183.61487,-184.06046,-183.19322,-182.25388,-180.62073,-179.13109,-179.54666,-181.41747,-182.5583,-183.10648,-184.23749,-183.63309,-184.54408,-186.04034,-188.09006,-191.5146,-192.24678,-193.85107,-193.92288,-194.823,-193.28676,-196.30008,-193.39651,-194.14592,-192.38696,-191.75764,-191.13432
33,34,-191.58638,-192.43787,-202.54431,-200.06485,-196.88354,-191.70682,-192.06775,-187.39424,-184.68509,-180.0784,-177.5956,-176.0222,-173.81244,-174.6298,-176.60486,-183.19174,-187.62381,-183.97556,-181.95575,-180.49316,-177.26466,-173.2373,-169.5862,-166.3702,-165.30627,-165.01677,-166.22354,-166.37047,-167.1969,-165.28088,-162.38667,-160.09297,-157.7682,-153.5758,-149.75163,-150.64606
34,35,-212.67285,-211.38393,-211.03603,-210.88954,-209.56104,-209.51125,-208.86961,-204.80435,-203.97586,-201.94882,-200.59393,-198.0742,-200.18388,-201.27594,-201.72928,-201.5336,-199.12161,-200.3333,-201.45851,-204.41365,-205.43497,-205.13983,-203.06638,-201.51874,-204.71391,-206.6205,-205.21611,-202.25232,-201.98297,-201.2634,-201.5042,-199.69482,-196.6107,-192.78113,-189.18065,-185.11555
36,37,-187.90854,-187.6702,-186.05067,-184.03917,-185.14919,-185.9757,-185.38731,-185.03825,-184.8152,-183.46123,-181.97816,-181.87103,-182.16246,-183.19037,-185.57576,-187.2349,-190.57545,-193.88106,-194.6518,-195.62572,-195.9216,-192.77908,-193.31798,-192.47543,-192.36815,-193.03859,-192.39915,-192.36978,-191.44759,-189.99544,-187.46841,-181.65283,-182.38663,-174.17014,-173.46852,-173.47095
37,38,-187.11568,-187.17415,-187.26703,-184.37363,-187.45102,-186.72113,-188.3839,-190.30035,-187.5826,-186.5605,-187.78767,-191.03157,-191.73146,-191.32599,-189.31128,-186.54666,-187.73993,-186.78458,-188.5048,-188.41214,-187.59874,-189.09128,-187.53815,-181.83101,-181.38123,-179.92645,-179.1684,-185.27444,-186.46243,-188.70741,-188.07509,-186.24426,-185.45874,-187.25531,-187.73328,-191.59619
38,39,-192.98407,-194.70377,-194.55696,-194.96205,-193.92174,-193.4348,-194.19275,-194.17801,-194.54787,-193.10219,-192.29211,-189.93027,-189.03789,-187.84695,-186.89479,-187.23524,-187.34546,-186.94464,-187.55287,-186.47293,-187.54013,-189.35014,-189.6809,-190.55995,-190.52585,-190.30798,-190.73712,-191.20663,-189.7568,-189.63745,-190.84125,-190.7016,-189.77806,-189.33821,-188.25534,-189.2487
39,40,-186.81525,-187.70349,-189.32649,-189.32549,-187.60602,-186.14897,-187.07805,-186.98984,-186.66165,-186.3083,-186.18256,-185.49258,-184.54985,-184.37013,-184.0817,-183.85796,-183.54826,-184.47601,-183.96272,-182.48042,-181.50565,-180.50897,-179.30266,-178.1812,-177.29425,-177.90257,-176.7744,-176.95392,-177.96,-179.59158,-179.20564,-180.41635,-181.22876,-181.05042,-181.45718,-180.93013
41,42,-223.63484,-220.51485,-219.01193,-216.32397,-213.52501,-213.58089,-212.24814,-209.71454,-206.93062,-203.11874,-201.04637,-198.10878,-198.4595,-193.61325,-192.79494,-190.7658,-191.17613,-192.94818,-192.62582,-193.24245,-191.04765,-192.62688,-194.33167,-194.44258,-192.66338,-189.65843,-188.33482,-187.52098,-186.39127,-183.12889,-181.5022,-179.15938,-178.43234,-179.29175,-179.47702,-179.96152
42,43,-216.32031,-214.79028,-216.76971,-215.00444,-216.72108,-215.84003,-216.87076,-216.65329,-217.78372,-218.86798,-220.76088,-219.28934,-218.73303,-219.14673,-217.48924,-217.85199,-215.56264,-215.88647,-219.27704,-219.59326,-217.02576,-215.80154,-214.41449,-213.15634,-208.89067,-201.7222,-198.71045,-195.57443,-194.44238,-185.22842,-179.93062,-184.33876,-195.3381,-209.92711,-207.20906,-207.2775
43,44,-181.17603,-181.81573,-182.16893,-183.62762,-183.38112,-183.64195,-181.99205,-182.49489,-181.94714,-180.19417,-180.91023,-181.80447,-183.324,-178.32681,-175.80318,-173.91936,-175.38666,-176.74594,-176.72015,-176.47668,-174.87126,-173.11986,-175.31485,-178.33443,-180.1353,-183.72087,-184.21313,-185.6965,-186.48727,-185.79832,-187.05754,-184.69801,-185.20781,-181.52975,-181.85292,-181.66518
44,45,-176.54079,-176.1316,-174.55107,-173.35233,-173.03288,-173.16818,-177.13481,-178.11263,-182.8317,-183.27339,-182.8865,-181.1739,-177.78198,-177.76839,-179.17688,-181.25256,-184.40324,-184.84651,-188.346,-188.10182,-184.44255,-182.20708,-181.35936,-181.0873,-182.55252,-184.12584,-184.68027,-183.98557,-183.59174,-180.32137,-181.18274,-179.62767,-179.77512,-179.09676,-179.22081,-179.93199
45,46,-200.07074,-199.11545,-198.19887,-197.54843,-196.50252,-194.72038,-194.07605,-192.83745,-194.68158,-194.78477,-195.56871,-196.0095,-195.25063,-192.1425,-189.7069,-188.57718,-189.51744,-189.87267,-191.56288,-193.33421,-194.23854,-193.26099,-194.48842,-195.05077,-194.44441,-194.71669,-196.04369,-196.98894,-196.93672,-197.08421,-196.87987,-200.30902,-201.04846,-202.33124,-205.30728,-205.41196
46,47,-200.96367,-200.76274,-202.02557,-200.9916,-198.50775,-199.08685,-198.1688,-195.39442,-194.65405,-192.72523,-190.5107,-189.21106,-189.84871,-189.46397,-189.30475,-185.94502,-184.56166,-181.57217,-178.06142,-176.62563,-174.63379,-172.49612,-171.717,-168.84467,-168.42848,-168.5454,-170.30429,-170.88498,-172.62569,-170.75433,-165.42827,-166.56741,-162.60258,-165.06723,-169.55243,-175.07469
47,48,-189.01607,-186.92256,-184.9119,-181.6962,-181.97343,-181.48299,-180.96175,-181.3196,-180.93509,-182.45905,-182.87628,-183.75304,-183.1369,-182.41429,-180.07251,-180.53062,-181.38545,-181.95204,-181.7119,-181.97905,-181.57176,-181.74042,-183.45226,-183.80664,-186.36601,-186.44711,-186.1295,-184.7141,-185.29988,-184.47641,-185.65318,-187.73514,-188.31621,-189.96854,-191.64154,-192.5306
48,49,-182.63449,-182.87677,-183.57983,-184.36057,-185.47055,-187.03728,-188.27843,-190.56984,-190.83322,-192.7492,-192.25732,-192.30338,-189.76416,-186.41911,-188.49196,-188.46771,-188.26498,-189.88542,-190.30865,-187.92355,-185.31985,-184.17818,-183.948,-183.34457,-183.0442,-180.56161,-180.62434,-181.40378,-180.74687,-179.52074,-175.26099,-177.15562,-178.07979,-175.09558,-173.09753,-171.63953
49,50,-165.66812,-163.67648,-163.51727,-163.58176,-165.9033,-168.3708,-171.27846,-172.6205,-172.55878,-171.77225,-172.88905,-168.23859,-168.88632,-169.1638,-170.39218,-171.13953,-171.46951,-172.22777,-175.76476,-178.26062,-183.31068,-185.48112,-186.34409,-188.25378,-190.45184,-194.68753,-197.30644,-205.47963,-214.70369,-218.54654,-224.3098,-227.35063,-229.82394,-234.21161,-236.4318,-238.04724
50,51,-168.92255,-168.71657,-168.39684,-168.29747,-168.42938,-168.60176,-168.61726,-168.61177,-168.8982,-169.68962,-170.80495,-171.6134,-171.89308,-171.07948,-170.84186,-170.88077,-170.0755,-170.7835,-171.3629,-170.96126,-171.7126,-171.40733,-170.94958,-170.65536,-170.9739,-170.72612,-170.4303,-170.78682,-170.64658,-170.58794,-170.95757,-170.88487,-170.86993,-171.89844,-171.99892,-172.1035
51,52,-203.68103,-204.80566,-204.63715,-203.92589,-205.32428,-205.03242,-203.34917,-203.8897,-206.86024,-204.64594,-202.66818,-201.20946,-201.1905,-198.87325,-197.92395,-199.90196,-200.61726,-204.32263,-210.62695,-212.40468,-217.32234,-216.19682,-221.5085,-220.9569,-221.16241,-219.47064,-217.78549,-217.2897,-219.50229,-220.20468,-220.79784,-223.58507,-225.26567,-227.31715,-227.44157,-227.65063
52,53,-198.07774,-199.1815,-198.19235,-195.03452,-192.24146,-195.45331,-200.26616,-201.6482,-201.96687,-199.73415,-197.3535,-204.63205,-205.22813,-208.173,-210.00809,-210.53816,-206.22197,-201.45418,-199.77176,-197.94858,-199.31674,-198.22182,-199.07616,-196.35812,-195.05103,-196.35059,-195.71999,-197.15628,-196.17172,-197.75935,-198.997,-198.24844,-199.25453,-197.95946,-196.94241,-194.6331
53,54,-180.30418,-181.86122,-182.6413,-183.79672,-185.99084,-183.30833,-183.9329,-185.7607,-184.76926,-182.20456,-181.90234,-182.1059,-183.2066,-184.2522,-185.78667,-187.13768,-189.32996,-189.23694,-189.17639,-186.4778,-186.54608,-186.03764,-185.71115,-183.5306,-183.20084,-181.82898,-183.10901,-181.42886,-181.19688,-179.16965,-179.48724,-179.48679,-189.70425,-186.77382,-185.03223,-179.47276
55,56,-209.21382,-212.14592,-212.48555,-211.78691,-216.54187,-215.56856,-215.39409,-219.21788,-221.05605,-218.46266,-222.28969,-222.98373,-222.65334,-222.71039,-223.84094,-220.9204,-218.38077,-217.4284,-213.62173,-213.96288,-212.8016,-212.43446,-212.05205,-210.4112,-210.87106,-210.3445,-208.12305,-198.06618,-194.79158,-190.82843,-186.22801,-180.29573,-175.88437,-171.1945,-165.45781,-162.66899
57,58,-174.83847,-174.79259,-174.78409,-180.19035,-181.23993,-181.57562,-183.63469,-182.76509,-183.3765,-181.1784,-181.51555,-184.17488,-187.096,-190.36165,-189.7307,-184.15318,-186.16368,-187.55826,-188.073,-190.25035,-189.60808,-186.46234,-187.47302,-185.30917,-184.38043,-182.66382,-177.16544,-176.36063,-178.93616,-179.9969,-183.57948,-185.7554,-186.92264,-184.20831,-185.3834,-182.91492
58,59,-208.96758,-210.32414,-210.08159,-206.34554,-207.32637,-207.3284,-207.32298,-206.76457,-206.60223,-205.84166,-202.92993,-199.41324,-196.44792,-195.12392,-194.78133,-193.43166,-196.1727,-197.74176,-199.4369,-199.87704,-197.2098,-192.2401,-191.2131,-192.73685,-193.81616,-195.77979,-197.02875,-189.09274,-190.33115,-189.66925,-189.52675,-187.6965,-185.72104,-181.36166,-176.64967,-174.16147
59,60,-220.96387,-223.25128,-223.89275,-224.6295,-224.95187,-227.17796,-227.58899,-227.17508,-226.72961,-227.46407,-227.11076,-226.4931,-225.03522,-224.20383,-221.82791,-220.39505,-217.37355,-219.35466,-218.88475,-218.90701,-219.21786,-221.75275,-222.4393,-223.46616,-223.68771,-223.79378,-224.47487,-224.58965,-223.20105,-223.0664,-223.86107,-224.02957,-222.94017,-224.15053,-223.07997,-224.35127
60,61,-196.7381,-194.08835,-194.32454,-196.49573,-195.7554,-196.06209,-197.38016,-197.86421,-198.15295,-195.53917,-193.85304,-192.40794,-183.04387,-182.32384,-181.56534,-180.96333,-206.9895,-208.08185,-208.93517,-209.77705,-207.633,-199.83704,-196.66127,-192.20735,-189.1731,-187.10005,-186.18613,-185.35399,-185.02971,-182.89908,-179.76352,-179.4608,-177.38364,-175.78426,-178.79419,-180.6279
61,62,-191.61436,-192.49223,-191.5829,-187.92639,-184.72899,-179.90414,-174.33345,-169.22636,-165.92165,-164.96855,-161.54037,-158.79482,-158.0596,-155.26926,-153.58844,-153.68826,-154.41595,-154.08942,-152.99915,-151.6227,-151.36635,-152.5601,-151.89124,-151.2424,-152.2165,-152.99622,-155.04385,-157.75623,-161.52975,-166.92392,-175.15898,-179.61874,-185.1697,-191.97649,-193.86072,-195.4912
62,63,-207.4685,-202.77011,-194.9723,-192.52174,-188.8046,-190.06943,-192.38853,-192.3473,-193.77313,-194.06839,-196.64009,-200.5032,-199.41801,-200.90038,-199.05489,-197.3427,-194.0304,-193.28836,-193.24162,-194.97546,-195.55432,-196.442,-197.60542,-200.27177,-203.43335,-200.62871,-199.74188,-199.02017,-197.99834,-196.86356,-196.23631,-194.96141,-192.44554,-192.08446,-193.89026,-195.80878
63,64,-201.86632,-203.60786,-205.18643,-205.18988,-204.08968,-202.6157,-201.6396,-202.33786,-201.09724,-201.4024,-202.7458,-203.65358,-196.68451,-197.4028,-195.19434,-192.6482,-189.48212,-188.25444,-186.1283,-186.14514,-187.07074,-187.91557,-191.45201,-193.60431,-189.76744,-194.67973,-199.43402,-201.70906,-202.81981,-201.38797,-199.80562,-202.36028,-204.40045,-207.01674,-210.47813,-216.42055
64,65,-196.37874,-196.7263,-197.1437,-197.25116,-197.49829,-197.7165,-198.26137,-198.58517,-198.97708,-199.59567,-198.68819,-198.0582,-197.07173,-197.98186,-198.96594,-199.28442,-201.25055,-202.2833,-203.07697,-201.97008,-200.60538,-199.35587,-197.02776,-196.32584,-195.78441,-196.44601,-197.41345,-199.19458,-199.93626,-201.11601,-202.03891,-202.18887,-202.40321,-202.46646,-202.32672,-199.19516
65,66,-171.04204,-167.82613,-164.24068,-162.17126,-159.74628,-160.99507,-161.07487,-161.16739,-165.0838,-164.00444,-168.87204,-173.55426,-172.50319,-171.26059,-169.15349,-162.43091,-161.47699,-157.3402,-158.17169,-155.37798,-154.38345,-154.50877,-155.9131,-158.22127,-159.05455,-159.3607,-160.11887,-162.01633,-163.0131,-165.58577,-167.05588,-171.83582,-177.2614,-182.45894,-185.64938,-188.6667
66,67,-214.19467,-211.44218,-209.55415,-209.18959,-210.32013,-207.89752,-206.27313,-204.82382,-202.54308,-201.4658,-200.39194,-200.51541,-202.33948,-202.84381,-204.05724,-203.15973,-201.81607,-200.39288,-198.99635,-196.95479,-194.96683,-196.5869,-197.89711,-197.72047,-200.34906,-200.98323,-201.55972,-201.661,-200.59137,-199.91208,-200.85077,-199.75385,-197.55757,-197.01274,-195.72246,-195.04518
67,68,-163.79578,-162.10472,-158.38797,-158.8854,-156.87007,-157.03334,-158.94124,-161.28201,-160.43832,-160.9936,-160.88257,-162.62442,-163.57155,-163.1252,-165.1133,-167.95018,-166.30032,-165.88608,-164.12622,-165.14323,-167.55116,-167.24442,-172.70802,-177.78438,-183.50156,-184.97113,-185.53693,-186.20251,-190.2561,-193.66472,-194.66537,-195.9685,-197.89122,-199.33759,-198.06697,-198.1596
68,69,-175.46072,-176.64061,-177.52606,-173.18639,-175.83147,-178.55551,-179.42522,-178.63437,-180.06439,-184.45157,-177.94232,-177.23978,-172.15106,-157.80879,-152.89816,-149.59338,-149.74466,-153.12776,-154.5409,-154.53055,-155.66425,-154.72296,-157.24413,-159.66551,-163.1604,-161.96461,-164.64693,-167.63824,-176.01616,-183.80464,-191.31192,-196.52379,-202.28796,-205.7751,-209.1733,-212.11388
70,71,-185.7657,-185.16093,-186.14679,-186.0655,-185.07048,-185.20856,-184.07103,-182.64757,-181.29121,-183.09756,-184.41089,-185.83322,-185.59499,-185.73784,-187.18861,-187.03773,-190.98816,-193.51323,-196.06847,-202.8578,-205.11357,-207.78786,-209.31293,-211.72467,-214.93353,-216.14378,-219.7465,-222.44981,-223.94078,-221.6514,-222.37924,-222.79404,-224.12007,-224.8325,-225.4348,-224.83987
71,72,-186.09222,-186.42165,-188.41824,-189.27441,-190.08919,-190.30444,-188.8586,-189.09033,-189.19373,-189.04117,-186.47548,-185.97182,-186.71147,-188.41394,-191.68082,-193.51604,-196.82057,-200.97728,-204.03087,-202.50476,-200.77577,-200.46408,-200.17973,-200.09392,-200.45969,-201.56927,-199.75565,-198.6269,-197.78708,-197.27214,-196.7168,-196.20985,-195.6065,-194.53735,-195.21112,-196.36047
72,73,-197.95679,-196.86009,-197.37033,-198.26643,-198.90619,-199.03354,-190.49384,-190.11636,-190.61069,-192.31456,-193.0478,-195.41263,-196.3282,-179.41809,-181.77655,-188.38097,-189.19339,-187.36548,-184.14737,-185.28209,-185.61768,-184.22458,-187.47505,-190.492,-193.1642,-192.57996,-191.89905,-189.42464,-189.9887,-188.14778,-186.92574,-183.21214,-180.09229,-175.69789,-173.17201,-173.38516
73,74,-187.05898,-187.14995,-186.83263,-184.89119,-182.1427,-180.55464,-180.2522,-184.06006,-185.29141,-187.26385,-185.40692,-187.75206,-189.73047,-188.01286,-185.62666,-180.87584,-182.7694,-182.40509,-183.43982,-186.51662,-187.98497,-187.43552,-189.56926,-189.34483,-192.17961,-189.99573,-189.41306,-190.66887,-192.23697,-193.0376,-174.32753,-177.15846,-166.85991,-168.21478,-167.94933,-165.81856
74,75,-180.88315,-179.01254,-177.15462,-178.90234,-180.58066,-183.64862,-182.53009,-182.32767,-181.56714,-180.36292,-177.35092,-175.30292,-176.01204,-178.83208,-181.0013,-189.94063,-195.64488,-200.24101,-201.6982,-201.57765,-199.99257,-197.48233,-192.42915,-180.51584,-173.50023,-171.12903,-169.1396,-173.73026,-176.356,-180.16374,-186.57109,-188.28181,-185.90353,-180.91856,-167.55667,-161.03305
75,76,-217.29906,-215.56502,-213.09988,-211.74756,-210.51321,-208.59026,-206.13919,-204.32736,-201.37004,-200.9949,-200.52583,-201.91057,-204.61438,-204.21533,-204.76355,-203.84988,-202.97925,-201.66736,-201.54854,-200.14047,-198.7357,-197.00044,-195.70575,-192.55579,-188.7109,-187.08844,-186.20876,-184.83409,-181.36159,-182.71747,-180.97182,-180.68968,-189.59372,-190.38892,-191.79263,-191.56006
76,77,-185.60936,-186.79514,-188.05132,-188.93288,-189.5103,-189.4438,-190.07109,-191.03062,-191.29591,-193.11311,-193.44075,-192.16847,-190.60799,-188.07037,-185.51048,-182.80853,-184.22723,-186.24579,-186.74062,-184.84946,-183.83192,-181.08717,-179.94867,-179.55762,-179.82329,-180.81537,-182.00879,-181.1246,-179.98474,-178.06078,-176.52222,-177.15231,-176.40773,-175.48384,-177.68944,-179.69203
77,78,-173.09145,-171.97856,-167.58394,-165.09215,-165.05826,-165.382,-166.48453,-167.29715,-169.17873,-169.91359,-169.35593,-169.0221,-168.38145,-171.0666,-171.16743,-171.20253,-170.34804,-169.36252,-167.9715,-165.70233,-165.31458,-207.84177,-208.37485,-208.4758,-210.11406,-210.43262,-211.30243,-212.0291,-212.748,-212.00777,-214.13057,-216.75766,-216.25067,-217.75737,-218.64703,-220.22827
78,79,-208.46526,-211.19363,-215.54315,-177.34868,-176.26689,-175.95757,-180.4544,-182.89505,-185.40823,-185.81778,-188.40878,-190.96983,-195.52345,-198.8733,-194.35844,-195.63982,-193.78073,-195.8556,-194.24747,-194.34491,-192.72449,-192.97739,-196.9006,-197.8766,-195.02885,-191.92657,-191.2255,-190.17186,-190.95078,-193.99084,-195.89136,-197.5419,-199.17978,-199.26797,-201.30888,-204.44464
79,80,-203.81133,-202.46843,-178.1935,-172.84464,-168.79454,-175.05312,-179.8635,-177.99704,-179.63882,-182.1756,-179.28487,-177.29149,-173.72359,-172.02809,-171.18912,-165.61566,-161.11137,-156.96869,-152.06491,-147.25902,-144.71983,-144.82597,-144.27783,-145.87396,-150.15717,-154.32367,-158.99983,-161.63742,-166.05878,-170.17194,-175.64641,-181.45638,-188.89502,-193.66772,-193.80318,-196.08485
80,81,-183.02121,-174.01924,-171.61575,-171.67741,-169.7536,-166.95204,-165.44536,-161.56396,-159.50645,-157.49913,-157.32182,-159.12907,-158.26608,-159.87033,-158.64821,-158.41048,-158.95428,-160.63165,-160.05301,-164.17351,-162.81996,-164.53223,-165.82413,-166.29813,-165.75523,-169.52264,-170.40935,-169.95467,-171.02708,-173.30267,-178.68661,-187.62872,-196.07487,-205.50449,-211.16325,-215.56715
81,82,-214.19614,-213.98976,-212.62514,-212.8404,-213.38028,-216.32866,-219.91942,-221.28413,-221.76491,-222.12402,-222.22368,-221.6798,-221.97192,-221.92392,-221.02646,-219.6855,-219.32878,-218.20702,-217.0196,-217.61809,-217.83163,-217.35016,-218.48305,-219.85083,-217.5052,-216.52711,-216.14946,-215.87094,-215.17143,-215.56837,-214.3766,-212.53339,-211.5536,-209.45744,-208.06538,-206.42783
82,83,-207.98384,-205.27267,-202.39569,-201.61816,-199.61783,-197.25386,-198.55351,-198.20496,-195.99251,-195.51428,-190.7483,-189.8389,-187.64232,-182.35526,-178.96341,-174.72496,-170.35448,-165.96767,-165.04393,-162.79387,-161.25453,-160.67293,-159.55077,-160.56319,-158.5287,-158.45912,-158.26268,-159.6076,-159.62607,-160.38322,-161.0853,-161.88086,-162.73875,-162.35553,-161.38696,-163.63351
83,84,-171.72131,-172.13702,-171.18828,-166.07465,-167.74092,-168.92339,-171.75441,-173.6508,-175.57115,-177.78166,-179.46748,-181.4843,-181.35316,-180.70093,-180.38986,-179.05884,-177.00417,-175.92783,-175.55054,-174.06364,-172.0978,-173.07053,-171.7805,-170.6498,-170.72852,-169.5639,-169.04474,-170.57162,-170.30716,-169.99867,-169.46513,-169.41594,-170.78174,-170.99913,-172.67169,-174.72787
84,85,-219.41214,-220.18365,-220.20879,-218.84435,-217.10664,-215.18816,-214.29123,-207.95667,-207.5917,-206.35011,-202.59592,-200.62152,-198.41142,-195.67088,-192.0232,-187.95796,-183.45526,-179.71136,-174.31493,-175.6893,-178.14491,-179.00137,-178.81744,-182.33154,-181.81839,-180.67526,-180.0971,-176.56018,-169.26704,-167.86514,-163.54765,-155.45848,-152.1202,-153.77255,-161.13966,-159.62614
85,86,-189.08417,-187.58331,-188.2378,-185.14967,-185.41478,-186.38019,-187.81859,-190.20741,-190.5708,-193.16116,-193.63306,-194.24323,-195.17824,-198.07582,-196.82295,-196.26344,-194.79005,-191.09723,-190.18835,-186.70311,-187.59108,-184.0491,-180.98692,-180.55785,-179.6453,-175.66985,-174.5069,-176.58463,-176.45123,-177.1672,-181.05782,-184.37537,-184.88272,-189.64813,-193.24292,-196.8739
86,87,-213.34108,-208.65565,-209.14485,-208.89142,-208.79063,-207.54155,-203.24487,-203.60349,-203.51205,-204.03963,-203.29027,-201.17258,-200.29597,-199.23691,-201.27216,-200.5432,-203.62036,-204.41313,-207.37956,-209.08224,-208.03961,-208.70825,-205.8316,-204.10802,-200.90012,-197.53526,-190.4839,-185.62933,-184.92224,-181.01633,-181.53738,-183.01886,-185.0441,-183.37032,-182.22737,-181.2883
87,88,-223.69232,-220.79758,-218.24358,-212.99776,-206.45963,-202.64221,-202.49951,-201.24223,-199.46184,-198.21375,-198.71683,-201.34576,-204.01015,-195.05449,-192.79431,-191.49516,-191.43227,-194.23143,-194.1211,-193.19711,-192.8649,-189.37408,-190.07228,-188.84407,-190.37424,-194.30145,-194.93945,-196.94559,-195.20926,-199.64531,-200.29042,-198.92078,-197.21559,-194.78761,-194.63106,-193.05022
88,89,-215.40085,-214.96742,-213.19046,-210.65364,-210.00873,-209.90091,-208.93333,-207.50046,-207.22911,-206.52066,-205.54803,-205.25484,-205.67967,-206.36653,-177.99855,-175.70038,-177.64983,-178.84988,-178.67485,-178.7764,-178.8171,-180.02159,-180.2489,-180.97624,-181.41335,-181.24579,-183.49368,-184.84277,-189.01343,-192.50615,-194.08545,-195.53036,-195.9238,-198.74446,-199.37534,-199.68918
89,90,-219.05254,-217.88829,-216.42668,-217.38335,-214.60974,-214.33562,-210.1887,-207.33423,-201.70328,-197.47093,-195.20183,-197.46182,-195.44398,-198.51971,-197.96262,-198.42046,-198.73431,-196.18095,-199.84953,-203.224,-205.48485,-205.20232,-205.63702,-206.5483,-203.33893,-203.92416,-202.02402,-201.82181,-203.5073,-204.06404,-199.65247,-199.773,-201.32475,-205.89156,-209.55963,-211.55518
90,91,-221.75244,-218.74556,-218.38196,-215.08269,-212.29204,-210.40059,-208.84743,-208.47546,-206.25398,-207.88315,-209.31996,-210.616,-207.09267,-201.82541,-196.64487,-192.6469,-188.68239,-186.99821,-186.7624,-187.92268,-187.81847,-187.76712,-187.41144,-191.15009,-194.75671,-198.36435,-200.709,-200.39772,-200.20265,-198.07693,-198.55527,-199.5519,-197.63727,-202.58235,-203.20279,-201.58382
92,93,-210.36804,-208.17961,-209.89894,-209.57161,-206.48586,-208.47784,-211.67596,-214.72495,-214.03642,-214.08018,-212.45158,-213.30203,-213.94373,-211.52295,-211.033,-208.45316,-207.63298,-199.07144,-193.36382,-188.41647,-185.2893,-185.78429,-184.90327,-180.4475,-179.108,-172.79825,-174.68864,-175.34953,-177.49158,-180.91035,-181.78949,-180.13945,-183.92915,-186.08678,-186.41554,-187.81967
94,95,-225.41574,-225.87842,-225.74019,-223.91022,-224.17056,-224.64505,-222.65292,-219.08592,-215.11827,-210.05554,-203.50452,-203.16527,-201.11217,-198.1066,-199.40137,-205.66505,-208.83833,-206.91878,-211.30315,-210.63963,-210.20595,-207.80072,-206.59727,-208.19547,-208.35936,-205.96884,-204.18538,-202.51636,-200.85674,-201.97159,-199.47092,-198.51988,-196.91022,-196.94223,-196.61879,-195.25
95,96,-194.2192,-194.9872,-194.92177,-194.39491,-191.24825,-193.40668,-196.31422,-192.3683,-195.05998,-196.3264,-197.31186,-201.04457,-200.55995,-204.1211,-205.85732,-205.74942,-204.73877,-202.86417,-200.87898,-203.07544,-203.5217,-200.61089,-197.97267,-199.54279,-202.93675,-205.96574,-203.62648,-202.69992,-201.03716,-200.64511,-198.78712,-202.80624,-200.66824,-200.04178,-197.62106,-197.69861
